3144
8107
2552
7249
4965
4130
2784
443
720
1429
8408
4565
8144
6196
8831
2361
7588
319
5069
4810
6328
4781
3796
4828
5591
6412
8542
1507
1274
3254
4982
3254
9998
2557
6002
9535
9075
8147
8302
3507
2128
1480
7444
9465
3764
4880
1639
8088
24
2320
7184
1089
1953
6741
6191
7894
9233
3250
8611
5861
4108
4916
2276
4086
4648
5843
6621
6541
7742
9383
8664
2843
8238
7124
6290
9895
6143
5124
3949
8549
9139
1536
3220
3361
6856
9547
5289
8026
2699
2666
8154
1694
584
1380
6067
6861
4860
1794
1645
2876
4219
450
5859
3785
3214
2510
1781
5046
628
5076
9253
9860
713
9506
3519
2718
8340
4561
2854
7070
8426
6667
3321
4383
1952
9305
3125
7937
5517
1805
4084
8083
2270
1256
1363
3968
3236
2714
1745
9064
2520
1892
6915
2938
4414
2715
3396
6891
4487
3228
5034
709
1792
4742
2372
8527
9208
72
3327
2325
2063
1912
3832
6436
1082
5293
380
4068
9859
2554
8810
8482
7150
7320
1770
4985
6598
2942
7512
5997
69
5328
3352
4051
3266
7313
5885
816
9125
7862
5493
4013
6230
5464
876
1188
7492
5509
577
3497
6273
3700
7189
3112
842
9332
6255
3095
6181
352
1853
8903
6899
1632
1926
125
3541
8239
3690
8119
6538
229
8426
125
3990
4849
5028
2358
47
1716
6759
996
8785
4588
485
7773
8226
5147
3110
4487
3775
7620
313
3247
580
6866
7878
7013
6571
2133
9135
8
2956
6394
3572
5466
1203
1653
8581
5183
8368
9342
9906
7223
2151
5797
719
2902
3127
3955
3315
1693
4840
5982
9824
3366
5357
7065
3517
609
5610
7910
4542
2022
9791
9785
37
7382
3378
8586
1010
6707
2586
9718
9574
5080
3655
3779
1077
5046
8528
5614
1082
6141
1380
435
5492
9059
5362
9128
9006
5060
3364
8087
3197
1622
7782
6534
9474
6295
1237
3348
5663
7621
4562
7250
3366
8378
2101
2875
2589
3539
8334
1634
4894
9387
7783
8615
5243
3320
5718
4645
3967
8962
3519
5259
4271
7451
8341
1748
4271
3968
3105
7222
4849
4010
811
7988
584
5537
2725
6368
9114
6238
3624
9553
4660
4635
742
5308
3512
3482
2878
2386
2402
7231
2605
2438
4280
6826
5682
5513
6415
9205
3226
2660
4202
4342
986
3329
7534
689
2427
6903
1665
4974
2592
8656
2336
4018
1299
7000
800
9581
221
3188
1964
3439
5124
9757
8781
2071
6270
1128
1560
3050
6772
4771
4512
7308
6178
7005
8909
9807
1051
1347
9285
53
8490
3555
7590
755
7459
1919
9701
7060
4647
799
193
6886
1719
4899
593
3062
5423
372
9164
6131
4436
2742
8359
7617
72
7069
8936
4237
9338
7720
7370
952
6811
9230
8825
4370
6218
243
3837
1172
7618
6055
7796
7305
9657
28
2856
4282
9465
1955
3376
7141
3836
4226
1377
3577
864
7651
7653
3857
4554
2107
9844
8650
7750
7461
7487
4307
3325
6171
2444
8544
5295
5136
9850
779
9200
8797
7542
664
7727
503
8103
4402
5793
3305
2932
8039
493
6532
9782
6686
3056
7503
664
6976
8736
2956
6650
9434
6238
5544
7988
4909
4085
4798
3096
2352
3087
5130
3520
2531
934
8869
8231
1408
7543
3186
9651
192
9235
723
9552
9880
5808
8185
2696
5598
5069
4518
4910
539
4690
5344
8379
9999
8917
4517
5743
2556
8265
2342
2777
2160
7793
3681
5154
7202
2579
7999
8243
8136
2199
1510
2711
7315
2718
6012
1467
9192
7792
4969
4433
347
9038
9687
3140
5898
9638
4537
8790
1571
2628
2965
5125
131
549
5023
6573
8844
2839
2036
359
1234
4701
1024
8126
8419
6287
9548
8978
5681
8862
3399
7941
4893
804
4032
1475
801
9194
957
3488
5417
6691
8907
7673
1663
3334
2195
9660
4259
8601
4453
7683
8787
6024
292
7403
6428
6773
2286
5107
4173
2602
2534
7168
6885
9130
5903
1597
7049
9109
2135
320
3555
282
2445
8056
9097
9478
7249
4018
809
5995
6807
8939
8479
3821
6808
5152
9651
4917
165
7313
5618
3512
4776
1188
9479
354
6521
8293
8213
1228
3881
2379
4740
9581
1887
7030
3285
8924
3533
2484
6020
1411
6190
2660
9257
6895
7342
6210
4859
644
9958
3328
2338
1310
7954
5269
1223
9858
6241
6223
8698
6738
3401
1061
4287
112
4676
1175
439
3642
378
3607
7670
2579
7421
6464
6822
5923
5691
6340
2872
8500
3300
8517
7458
9613
1512
425
9529
4332
4555
4288
7804
652
8249
6161
4314
1031
448
3200
4114
2212
1854
7372
3333
193
9080
9270
2602
5260
3779
2588
6142
8955
6179
3506
7797
7275
6046
5490
9906
9014
3900
4779
3598
8030
4030
8421
9721
8070
7880
7764
8058
3487
7883
2618
3876
3503
6835
7303
9800
9983
4170
5228
1361
7499
6776
4734
2064
3356
5176
2485
4532
8050
2488
900
309
3771
3596
2691
6334
481
6207
7607
9861
6447
4151
5924
5336
915
4131
5881
9413
9423
1348
5849
1365
6778
5110
1482
5351
6628
1578
9094
3077
1718
7425
6239
3765
2519
6743
5440
2094
5692
8521
6142
4389
3863
2484
3005
6771
8336
5708
1215
7780
1473
7109
8791
7343
9226
4690
2316
3389
5893
2648
4425
1912
2181
2269
6385
2113
2951
5875
5583
8510
8091
3515
7644
6142
7564
5431
7130
3659
8745
4833
6221
8699
7848
4721
4121
5058
8273
2319
4359
8519
4022
8565
945
7329
5154
1216
4252
8238
9343
1347
9654
4337
5394
7112
2021
7062
2913
6852
6383
5378
1412
9718
8248
3420
7417
9084
6805
4081
5458
4497
79
6489
7257
1751
6179
9044
5651
429
2967
5696
4946
6429
1239
347
4677
5253
9069
415
3130
4815
2415
7550
9620
6351
9730
7915
2375
5529
925
5507
9760
93
6104
6598
7426
4128
9507
6758
8683
4248
7987
7163
8997
996
9223
4560
456
6693
2713
4605
1885
8748
7232
5506
1565
5106
8193
8973
2359
2046
6582
3609
9201
6902
4007
1859
7542
6854
613
7001
3102
8534
1254
1938
6347
2955
6778
4916
5263
4940
8380
6838
315
5247
1460
8146
835
3760
937
262
6941
957
2660
4232
1944
6369
6767
1684
5705
4075
5868
3987
7696
9706
115
5017
1673
2183
2675
6875
4030
5871
4954
5756
6794
9900
2416
5763
3577
8767
1773
7226
4300
9436
3210
1588
8728
4769
9093
4332
8062
5508
5294
2503
8661
1049
4622
630
8194
301
2536
7770
9082
9762
9736
3811
6654
6006
7
823
6197
5762
1633
5596
9912
6893
653
9074
9399
8219
9771
5792
2521
9525
4749
3049
6496
1878
6780
170
5435
4719
7803
5828
5
5479
9992
4272
6411
6611
7967
964
7034
1022
6505
9680
6134
1077
9761
6741
2520
1186
6807
8291
6239
8578
2478
4429
8871
2213
4640
6364
1495
8658
2769
5132
6708
4500
2800
535
6195
597
6570
1292
332
2982
6665
4140
8154
5640
3178
897
3679
9898
1196
7003
3860
4319
756
5880
1149
6667
7406
9934
6251
5306
8638
5384
6540
9789
5124
7372
2093
2226
9613
4437
5135
4830
7830
2962
7063
9114
9356
362
6880
9256
2415
4746
3995
3168
8245
3948
3702
187
9034
6277
5419
779
5381
8284
7295
37
6902
6370
9387
6492
3004
7074
7415
5275
4291
7335
9426
9951
3914
9444
974
4511
3491
6516
4697
2521
275
3375
8774
3962
8249
53
8122
5689
7116
6138
6050
2288
2364
7774
1249
5096
5851
3256
6184
6737
5045
2478
7614
8379
2601
6628
4591
2931
2380
3902
3521
109
9715
5556
2241
3995
7998
6945
8284
7399
3509
743
3066
6403
2586
1108
6452
4842
9389
6233
7302
7250
5550
668
2864
1617
3901
4572
4342
2937
7390
6620
2936
4946
3193
9119
3164
3618
2269
3470
3046
9003
4580
3416
569
1425
866
1255
760
982
295
2363
3285
612
596
2405
171
5911
5130
6642
9767
2277
1742
1234
3025
7770
1416
5380
8233
2196
5867
5712
5820
9927
1663
3664
1077
1214
2058
1564
5456
288
4541
3504
9738
3883
6442
3644
372
1919
8180
6633
9542
4617
8399
515
5073
4842
3910
3207
365
2356
2619
7050
8385
5153
5273
7123
5312
911
2005
3222
4144
9196
7523
7982
4135
7722
2309
2118
6766
5983
1454
6917
7383
4235
8757
2820
4203
4071
8917
2284
7596
4359
65
7521
3849
1339
85
7541
4944
5496
3511
5434
9389
4254
1900
9912
5009
5029
4664
5255
3518
2041
5101
4122
8143
7359
6884
4808
5604
8947
7594
7800
714
8864
6225
4872
537
2634
2360
6266
456
4588
2677
4444
2219
4121
2654
7218
7004
4993
983
4355
9544
4962
2437
8892
1840
7016
7745
6884
1695
2115
7017
6110
9435
5203
6496
8196
3909
6099
2581
8487
4779
287
7042
5248
3229
5635
2683
8833
3628
9217
4422
8605
398
7102
1962
4000
8831
7242
6383
220
3697
1339
8421
1826
2596
629
865
2313
9536
328
9602
622
2879
4901
3154
6745
7496
3182
9960
9639
470
3258
7962
3465
375
5457
975
2889
6432
6330
2850
6372
3326
4975
611
9656
9847
601
5720
3915
463
174
4593
8117
8983
4291
7961
6748
1087
511
888
2026
7868
2815
7702
2669
6117
2047
729
8458
8695
251
8223
6847
7945
7266
2247
9300
5353
5460
3274
8333
1845
8312
3799
9791
2470
5005
3964
9612
9495
187
6033
5053
7699
7348
2798
4459
7740
3948
2236
8505
8328
7954
7177
6898
8550
8554
8357
7930
7583
4489
6522
6308
1047
6428
152
2592
1410
1365
4670
9134
7795
1012
6517
3876
7856
8222
86
2391
2417
1148
5500
7065
952
6706
5300
9392
2154
5178
3025
319
4875
9196
9932
8675
5832
2429
6392
3036
8398
946
2867
7718
4488
5935
1161
2323
709
2512
5347
375
3576
8514
221
399
681
8495
6612
5614
2409
7253
2654
70
1443
8450
4852
7407
2605
926
2586
7032
7694
7285
5552
807
7881
3200
3217
2894
6696
398
8312
5916
2692
2068
5458
1709
8864
3774
2174
608
9222
4129
1
9443
9273
3647
5111
3628
5450
7861
5972
166
1829
996
9912
294
9931
3514
3376
8154
9995
925
4313
5853
1978
2884
6176
6857
8610
9778
7141
9225
3910
6896
542
3114
3171
4101
984
9278
8865
5684
8840
5436
7881
9059
431
4135
1682
467
9676
6841
2036
529
4267
2860
9789
7192
5099
4214
6241
2672
6077
9294
1452
4935
5961
5807
5347
4234
6187
3048
6713
3633
6170
493
3085
2372
5289
8589
625
1550
6247
5841
3445
749
3057
9982
578
4098
6983
1047
8547
8731
2251
4675
3693
8570
5509
7638
1263
1794
4868
1726
6740
2206
7408
7869
5525
5278
3883
4781
6140
3246
982
2405
3012
1541
6255
8775
7436
2215
8071
8515
4122
6647
5186
6379
5308
349
6248
7796
1497
3408
1752
4998
4022
6256
940
8240
5237
2386
8104
3419
376
7673
6508
4937
499
5405
777
1690
2016
6619
1744
7771
5099
1705
3958
4395
5998
8788
3860
7819
5687
3880
3226
9170
6340
2411
7188
8554
257
9142
8516
2891
3689
7873
4543
9441
3640
2778
5636
3484
4337
9298
6518
7396
3915
5412
9691
279
8150
9795
4238
4977
8844
4703
1455
6247
8466
1459
8857
5088
4029
4286
4164
7280
2690
9132
6385
2769
998
5408
4739
2529
3492
7232
237
2883
461
4429
3798
1522
857
1502
4697
8889
2571
5240
8617
6520
7443
4940
7234
7588
8701
6045
9163
590
5687
8124
4087
5182
4288
50
3562
6428
4716
7481
5801
2842
1444
1303
3658
209
7514
1368
7723
9191
9482
1495
2286
6378
6908
5066
3746
9292
597
6583
2925
3595
7901
5254
4933
6875
3052
276
9630
9426
1822
7328
4845
1871
3910
7207
2971
8856
9774
1975
822
911
3452
4721
3761
5169
4976
2368
5676
7211
7114
7473
1630
1353
8664
4014
3886
300
6893
7531
1330
9526
7885
7659
5662
8245
6373
2831
622
9722
8728
8397
7023
1014
3076
6666
5655
1872
8468
9380
2693
9109
382
6126
8051
1596
2987
9880
7592
5509
6423
4074
666
4701
3054
4221
2720
7456
2231
6694
566
1308
7853
1440
1482
2526
24
7493
1491
700
8123
1224
5761
5342
2230
8658
6015
2025
2283
696
2693
7642
4606
3285
9754
7995
3317
1177
7719
2341
6319
9021
2807
6434
3313
4210
7786
1725
8827
9398
2793
2985
8137
354
8499
2795
3206
194
8886
8340
2283
1185
8410
3791
7621
1857
9367
6996
7461
660
5894
2694
6449
2923
6469
2095
8599
7384
500
2902
625
1953
5485
9754
5876
6436
2945
4622
5730
9713
8093
4017
1872
4489
8843
4712
6130
6641
1348
1387
9330
2035
2915
1481
4448
1137
5717
8200
4771
5926
7277
8893
4702
4907
1892
3300
494
8499
1277
5741
6719
1396
9190
3523
6413
7698
8715
2394
9704
9738
245
9461
2866
680
672
2289
5826
1957
7770
8897
3275
6384
854
5542
5862
5672
8401
5915
1611
3171
1948
3179
7855
5102
2695
8095
7399
6306
1551
2344
6251
4591
9759
821
4454
9192
9074
802
2586
2490
6472
2909
8816
6458
7110
6518
9469
6714
8856
194
672
6120
3666
3116
6407
6996
7732
6969
4834
9003
2107
3622
4607
2212
5700
7104
4164
4583
508
1040
1020
5685
2547
3633
5768
7976
5568
7471
5159
8712
7133
5694
5872
406
5538
8196
2748
2953
4223
9156
3233
450
5011
2648
1992
8286
5530
5370
7120
9657
2884
8319
8060
105
8464
9184
39
5662
4199
5143
5512
9955
8149
3507
5312
8161
9665
9767
992
2929
6958
6213
232
7228
5771
4754
4762
9585
7237
7622
9293
4849
9932
8867
7198
8059
6338
448
1888
8495
4928
1217
3268
2337
8179
9892
6420
9996
1651
3098
2953
1
9957
6495
1644
1627
7046
457
1321
1263
1015
3001
6960
8021
8329
8865
8502
5533
2334
5299
8552
9569
6127
7473
9983
6422
4427
1478
1711
9501
7212
5631
489
1308
6
4872
3713
3220
1881
9471
1849
8878
5830
2455
9756
6471
6543
7436
7128
5894
8566
8253
642
7590
2039
5819
1341
6740
258
5868
4597
8423
7648
4700
4822
2726
6039
6753
1690
6506
3144
1210
4783
9522
7014
6084
9974
2317
5089
824
1464
6456
9744
7107
243
2419
1213
3955
9442
2402
7915
3003
9643
6685
6002
4628
722
6260
4843
4753
203
803
8039
3965
4701
8494
4969
2147
7473
5625
4868
8761
7066
455
5423
8649
1710
8477
3622
637
8914
4401
3258
6263
6389
8628
4664
3163
3891
5882
6262
6954
7241
6210
7882
8812
6024
8870
4101
2264
8002
5377
556
7427
5634
2023
9832
4195
5240
5958
6659
5630
1890
1895
6099
6340
6934
5153
9188
3782
5099
3258
7565
9697
4520
8299
1316
8427
820
6479
5549
8281
9837
71
4781
5546
724
7373
1774
4884
6661
1683
1851
9129
6804
3288
9035
1205
6019
7238
42
7319
4816
987
9875
7385
1339
5105
7130
8046
7013
1420
149
4504
