5312
1521
4872
2449
8913
3151
6084
5393
3076
8955
1217
7437
356
1850
5473
1659
2738
4940
5243
7910
8007
1881
6361
9494
7652
8279
1312
1534
4778
8597
5307
51
2694
9656
4080
2260
8244
8671
548
2985
9652
9076
4106
9196
8266
6258
6118
8686
975
8062
8960
6344
8373
9491
5332
9440
7304
3038
9927
1140
4576
9187
2804
8342
3235
1753
963
9923
5928
9385
8475
4369
2005
3102
4543
7285
5530
3161
4
8415
3766
4501
4339
9667
8023
3777
9193
9876
4016
8847
2315
9934
1906
6009
2135
4592
4669
9531
4102
293
8016
7216
3982
2190
8508
8220
8852
3661
9382
8291
3823
7568
2380
8085
3191
6632
3039
7847
6667
6950
6926
3503
3890
1697
3635
7900
6858
3638
343
1183
8429
6268
6976
3610
2929
5730
7259
6819
9118
1144
37
8020
1978
8327
2291
8659
8752
9662
1953
3801
8032
6730
2711
7858
7951
8385
9304
8736
831
3131
2836
4763
2058
5597
7422
8537
5368
8851
6087
9062
4752
6265
2569
8016
8122
5255
6512
9058
787
8775
9170
8747
3658
948
3904
4410
2311
7057
260
6201
9243
4402
1642
8867
4179
9355
8091
1874
9414
948
7477
1945
5982
6485
646
9531
3699
6308
375
7735
9139
2840
3798
5169
6094
3160
7771
5869
6989
4662
8028
2186
130
8065
6732
7049
6891
9467
5694
8025
8624
57
3079
4769
3100
896
5681
8233
2617
9490
5692
485
948
7812
8416
8030
9007
3371
2733
223
1285
2883
8755
8969
5768
7244
2542
8739
5270
3313
3241
210
6330
5334
1267
2849
1279
8125
3230
2557
1984
4405
6372
7696
2794
7696
6084
7992
2371
6592
5339
8611
8275
7197
3374
7961
3744
7429
5139
8341
2329
9008
7408
7057
648
9919
8859
2238
202
1249
4816
3533
2619
530
5297
829
4746
9792
5400
1489
3692
4459
3959
5117
5852
5048
6545
8829
7776
2210
5217
8130
5846
3438
6872
3450
3742
8585
1428
5515
3857
9088
6060
4251
6575
1195
7128
5359
1911
6183
141
9502
3471
784
2919
8418
7075
119
3070
1066
4682
1029
4267
6639
3748
3660
484
6385
2703
1174
5763
3868
2313
7213
2117
2573
784
6998
2366
1883
4373
5179
2505
8724
6959
3811
6173
9941
1660
5599
4172
4293
8274
4580
5765
9886
7700
3649
7369
6841
4688
9068
5627
4022
3781
6157
8480
7125
3122
9510
6517
164
6393
5213
6336
9653
4482
520
3183
3882
1244
8260
8269
2640
5886
466
355
1750
6076
6415
1451
5848
1781
2030
8735
8620
7721
9460
7200
1128
1896
767
2291
1342
9526
1412
8405
3318
7242
4116
7984
8198
9429
4106
2693
3408
8976
7443
8745
4472
4447
4042
5069
3857
2002
8896
5141
3347
9049
7973
9546
4922
6935
4005
1354
8494
8528
3794
7117
459
8988
8969
1395
4876
7502
3076
9913
8041
7325
1692
1435
4666
6129
1352
6211
9591
4634
5942
2367
4798
3514
6709
7601
1727
3971
7341
6544
9943
9419
843
7371
280
332
2269
4542
8353
8440
854
1853
1839
1897
4367
8861
1216
8503
1115
242
575
3330
6388
67
4017
2287
6999
7706
1291
624
5177
4455
5390
4924
9189
3668
9776
2702
7843
7395
8616
376
1366
1556
2342
2104
7666
4595
8797
3155
2903
9838
1245
9198
1231
3316
7393
4076
5792
2968
8530
4866
1615
4837
8566
1942
7826
1388
2633
1173
9391
7688
6230
5523
2854
8355
4690
926
8391
7329
5877
9787
6194
234
853
5186
266
3541
4849
4694
2148
6672
1000
5084
642
3197
8931
1117
2102
1590
4229
710
8469
1200
5566
1245
3835
2141
2950
6190
5572
4027
4812
2179
3454
1867
27
450
793
3628
3638
9552
7095
1926
8656
8851
1974
3730
4490
4662
5767
5878
7034
7509
8362
7951
9140
6728
3320
2215
4648
4301
1932
9974
5480
5342
2079
4676
8755
8849
8400
1468
3075
4558
1628
5980
5024
4363
3679
1818
5535
9923
6551
9377
6698
2934
4592
5049
7325
9914
5634
7812
5978
4591
2116
2820
6410
9071
1723
1562
4097
9060
4483
5929
4876
5348
8200
2553
9018
7752
9633
7912
9380
4042
6042
3642
8539
6205
6605
3809
108
1782
1261
4153
7394
8951
6654
8938
5000
3629
8708
4448
6489
4479
6662
8567
7142
4919
5630
575
3587
4013
9041
2623
6159
4223
6869
7814
127
4141
6212
5293
710
2784
2284
4761
2578
203
9856
7420
3333
185
3950
4091
9422
6374
3357
8570
3941
8778
3043
4723
2176
8400
913
6037
68
4628
5932
5113
4395
6955
8969
928
2878
7581
2916
1065
7919
2093
732
1790
7670
441
8911
6958
3254
7900
3965
3574
3131
2017
1819
1304
4835
8595
3319
8221
8022
5247
2115
5686
6835
2987
560
2622
3816
8144
2856
6508
1597
9922
7976
3957
8958
1136
5048
2206
4963
7591
8473
6286
8846
2145
3738
6050
5809
3835
2998
8427
2953
6436
2061
9522
635
8544
4222
6891
5257
3533
6686
9703
8704
8206
9607
467
2546
434
1312
4094
6763
9241
5637
3464
7618
3837
5379
6326
7934
7387
8930
1027
8034
6373
3951
3696
5910
1152
4117
1307
164
3320
8664
6685
1388
8964
5853
4526
8788
8260
6073
6947
7824
8567
7765
1639
4698
2153
3307
9704
8638
7993
6143
136
8372
3256
2045
5221
7690
7085
9755
8610
1357
4166
7338
4915
3269
3401
2239
8552
6635
4041
1560
3921
3911
2484
5821
3184
7674
2265
1733
7083
2628
887
6306
9088
5395
4992
3818
1060
6234
3260
2707
9364
7401
2746
970
6381
1583
2449
3887
4390
2568
4629
33
9259
1204
7174
7618
8437
6503
4818
9334
3940
5366
1434
8557
478
7764
6337
1515
9025
8809
5985
5313
7941
7708
2648
6409
2446
765
8816
7459
6637
1586
7997
7991
5045
8715
1343
790
8987
1908
5223
1122
5174
6871
6581
646
118
1451
3536
8995
434
4749
1488
3449
2329
3273
5989
7854
7802
5781
7898
7006
7391
7306
3331
2943
4404
5968
9220
6159
